638114
575634
562966
894568
985529
433167
900187
851155
791195
810800
390243
44055
287832
543512
955283
243336
642499
713873
546545
229857
16878
891827
918255
760509
52866
493413
255671
810343
902837
654897
465788
879443
906815
575737
875436
501155
464418
384094
765995
846202
885213
506074
363013
234597
44135
788877
104721
496522
841369
806963
756214
163888
489303
511925
134184
496686
956192
407225
979860
401049
188253
930512
579837
899396
203489
267340
284023
418162
38667
304593
770564
321580
194567
175707
664820
306247
522813
229237
892150
576326
352696
912102
672819
465875
893157
888083
374224
827976
734225
653091
557551
557001
505472
986830
840446
680830
947070
897243
468635
994247
69123
56984
957688
223740
443567
898395
812778
485576
724257
739204
39406
801215
457451
567172
231502
835300
432284
976774
39329
413642
775365
886955
745600
606270
870325
689471
129877
782696
265818
902158
149556
802613
426043
273525
336300
983480
78181
20758
271513
984497
818981
247488
715524
572234
308117
303655
831507
555527
794927
199067
471656
913402
511541
291867
402225
602926
790807
474947
224063
831109
409227
786424
665545
979279
831701
749456
473432
602913
949231
212807
575369
554139
561441
221601
933681
911132
721310
243636
330065
294459
343399
235250
98898
434039
937382
976444
277797
98215
611593
822617
597632
34116
464623
765944
900351
290864
270076
427936
29794
76039
572808
500061
853021
988268
304347
753150
652086
278578
642742
536759
894363
410600
846153
158758
135547
25566
699379
828710
341382
57944
444547
363812
943358
604976
557216
575966
868704
173491
823471
695721
166747
222050
842754
195414
402245
900750
132032
206320
320361
575425
810303
644060
764266
383002
895304
973656
215991
267674
372410
308123
210041
341455
534255
874913
316980
237792
825909
399931
150921
244644
526561
359814
171465
960395
502010
529168
441016
766589
797684
12285
682345
180701
623873
913553
660727
329787
495403
226539
766773
212014
854546
194351
513972
451048
177681
433454
566186
936964
432140
698508
419883
168433
676396
94978
380552
547076
57134
882809
32640
115659
833221
998975
844780
523712
699115
950216
794761
77931
218096
558287
624267
467037
633773
325963
37545
588839
767903
56566
426029
484698
269024
597759
832563
732963
208662
496104
312571
662340
750366
698898
308488
721905
280791
813872
612786
144483
731149
660624
281519
824663
162810
574984
172224
827865
974303
454108
977434
617821
270806
916992
691827
430377
535812
263390
586773
972543
556596
543498
618826
539657
971777
864572
248994
696847
535746
847538
469893
931764
734365
942205
83582
49787
846202
81406
453479
437933
665873
708708
849520
340988
122832
632890
688408
759765
641280
758205
331778
730315
405350
535284
311070
579999
294863
111727
386782
469048
160244
476094
505320
815345
322240
240040
127404
924175
263994
896268
992357
209713
226283
269938
345383
584940
450712
619888
995016
38637
396817
496029
644695
624293
920692
134662
426238
574003
756028
825732
253540
523323
787852
398541
102827
68556
677004
65229
254883
897809
602591
460797
344368
153939
599119
565440
968119
155403
975720
445603
371835
47749
503718
168217
469672
192087
536005
48443
246803
132164
639874
56670
111825
295841
101175
555600
490654
692106
216497
361964
432780
15821
141893
262063
399859
22633
976557
854883
140623
395050
565456
910566
911683
169533
633496
496077
827275
842893
790515
26767
685112
621858
98410
788528
348065
606692
471134
767210
137170
416480
527096
86418
128251
332092
536533
625166
802762
687856
46537
543195
308780
60912
381859
413751
449188
395048
105160
297389
357416
723608
469732
145537
941386
861423
414750
788554
190048
789508
367788
18078
945531
206127
998567
879955
155410
932882
721051
252528
48488
843950
370975
452719
440049
722735
368801
396663
698471
187844
944738
769721
800468
39876
273734
155707
937050
438941
202214
29338
212928
550035
946891
522200
812463
976980
491623
623820
693323
59749
592597
238948
947850
271193
124497
709575
562203
885571
975656
777814
338302
893563
742214
271266
251830
368111
236960
529353
700052
606670
789676
766274
973527
582201
331079
634590
131931
378130
732474
595467
723868
112436
254977
810137
827021
927076
302629
366961
675359
342345
655172
956707
539915
72162
504299
425109
761418
820617
629067
16824
672766
349094
39721
509276
311082
657901
411139
949776
957666
654584
745949
279300
523275
558408
788722
286698
662903
845861
492098
505807
507068
232662
926222
987631
274484
238089
337613
48795
865079
480577
435315
191774
753004
591452
767175
861872
59128
466442
527282
455900
645458
848816
456231
363879
905946
111071
471782
263869
399873
734011
588232
807599
719791
515727
16943
452376
230862
233793
109277
655720
458945
590003
538555
55181
935825
831325
305968
699846
268366
695353
169580
345829
689415
984814
417507
557869
45613
825223
552259
399774
519361
308439
788748
526621
137889
485901
837141
460227
465064
516870
57668
452937
857830
236771
239067
173716
506199
742152
500651
426273
324354
51375
251552
588209
842406
388441
880728
871485
110084
22211
541653
651087
890865
902201
316291
292184
863182
636021
77027
205723
584320
468094
567803
176815
516976
796716
854742
816552
71204
224662
249462
724497
368947
723956
647207
624382
979388
739159
971518
135508
578922
856280
335507
114543
884407
358215
882726
550248
54912
171868
400178
902846
915901
96533
848308
488825
250001
501297
422679
57433
762684
763646
599328
699883
584511
673219
746785
680387
49498
800629
775957
772479
421922
24780
300123
565277
833751
279202
799608
973491
395522
920429
587541
850965
31683
871113
124185
468435
173509
136416
69001
333005
207095
307882
202852
785058
175254
565525
980190
917568
339520
387553
310137
879573
561984
886189
19388
691483
803590
775533
545163
783220
165665
196234
774338
493020
998738
534634
15235
24297
678608
831298
248112
670386
730975
246128
187109
965237
585188
650777
35094
29856
238982
301028
383646
243175
601674
267800
776333
343999
552158
909846
497854
352740
969492
161281
785671
774888
518058
425028
931924
297569
581245
63292
726208
84219
668170
112812
775366
300996
329147
316958
819420
374575
245877
679007
713137
725008
273189
865836
87939
391415
790348
532108
604025
877564
974426
733054
885801
498924
845920
357125
718803
238413
239468
13046
44660
347624
550999
715565
315595
542596
34602
202219
622778
309564
565665
982775
878943
406713
968212
235542
279431
257095
161500
666221
751546
150829
175689
733676
509895
196229
158661
479971
203362
250264
112728
827720
912418
895479
94317
255977
275072
298825
272985
302129
779341
610416
850387
886203
217866
746136
190861
345383
823288
846529
253204
145979
304638
792139
930776
461720
326871
564664
69942
928176
534439
489152
750448
536360
579904
381508
226544
216669
945133
479565
857141
59412
299875
93286
626464
914091
238029
977496
904249
974601
608018
670842
436422
963692
310859
573439
532349
739224
119317
862243
502620
285667
577103
37528
117317
281953
905319
969154
605521
633208
835961
245032
905559
25588
85025
467451
674961
565245
600867
469862
654602
731852
935338
188582
638669
90720
13600
421169
862974
255213
832585
143641
34803
644343
779133
405582
979999
272855
722799
176948
374402
646378
650669
402838
415938
117750
707679
61055
32936
554081
124109
681451
133901
969972
154917
931661
695934
12654
598210
935198
598126
830768
568982
651424
516064
561487
420738
456295
332295
588810
604572
908908
774944
656902
361989
473816
405299
240684
746456
316798
473967
428264
668875
944197
229437
907203
10286
639671
451560
433453
480362
520374
931282
99035
890107
522378
200821
512155
725350
484492
220672
869285
324672
505020
892943
646552
852874
618141
110929
288918
942099
386636
519335
222299
438931
943038
84369
164448
505790
446764
553935
461409
492118
20652
266426
441056
864925
360418
512957
812010
342859
311533
872596
280529
256280
580281
314287
622420
87275
210452
377231
976468
496438
869149
597501
693819
839840
13867
85638
751551
360304
284174
785837
716673
392217
187988
433532
166851
129980
695647
592233
65370
705949
116373
653323
336937
660956
320489
17391
463564
459348
227056
575828
595136
48234
921901
36937
423771
379176
458371
721326
125579
178028
885863
826028
644449
416637
563575
891633
760714
933259
114251
477364
126376
369706
308586
484135
849610
424922
714756
91766
389491
71943
866830
907192
631578
772570
110498
762370
970255
797206
473435
381038
543940
509842
748138
953332
205098
531586
371445
252975
997083
216050
948103
537158
436804
892856
418626
95774
166767
743823
142259
228288
714206
829151
325043
794376
744606
994413
421154
944564
435616
409322
276274
568757
53278
27051
577022
605025
743795
140860
376459
26419
684053
763969
609252
914683
771859
662087
380086
843860
409632
58548
16126
333991
374117
70115
859555
931551
939618
968197
388189
67975
961590
799319
383498
941256
119070
612941
313353
389099
768955
276637
586215
238779
822845
411778
287885
836033
850129
978212
711833
760521
143370
748064
114538
537130
344160
772189
184871
544910
381552
384960
783501
464547
207574
962554
401327
854732
35996
372762
851677
779554
925434
750718
651056
660059
96046
325068
651498
123344
184079
503217
387127
606881
58706
915959
252148
632687
982996
128682
330301
901240
810176
481977
94327
588219
246655
942837
36113
40352
517532
225356
513802
537976
715618
726007
310086
226776
445054
779070
10317
981954
183481
275816
456831
493816
576082
763820
807978
113944
214533
356553
191993
860195
819703
753107
428651
317285
183537
608107
624606
60293
263771
910970
80828
114555
486376
156168
376917
792009
577694
384394
879380
271447
804021
589169
176361
238930
146499
315300
95602
440131
51662
101994
103413
21890
796855
721436
959240
206568
567837
643627
510359
53897
29947
136151
237849
117107
728204
235804
176139
969227
447648
149746
712749
105590
579344
704107
11428
867565
486370
629419
297194
66918
679314
622675
908711
344421
744233
484099
40080
126515
867262
257436
992825
595496
770918
859716
538152
77569
374276
795076
319940
182933
106699
519202
646031
926309
850408
519012
499257
788464
863307
41644
233312
651465
615490
813108
313210
880444
638792
260196
539974
178129
168482
890347
971091
825742
867145
914067
565686
562006
162761
562389
464053
216355
134378
528427
767062
529795
981042
694377
482039
450001
764518
754280
643010
720443
102321
804901
860343
584597
718862
466581
782249
849991
825250
897707
693117
113007
682368
558181
552010
448320
937853
967511
345266
115772
588220
762241
981687
196977
11242
632931
307516
785349
107109
973962
418721
869378
933031
458965
500473
961957
343062
807462
851356
936887
279379
292242
123119
533402
709861
678991
416542
398040
828351
174181
486615
306983
345165
962221
428511
799291
417483
430459
701396
94604
496392
257067
465929
827913
331179
355588
505706
314102
722956
510940
774688
251140
21624
10829
749156
997078
47351
500392
466825
489348
364813
98255
906714
651110
860830
600690
257365
62004
591614
991212
135491
69935
766983
375949
500024
317213
163979
187537
973014
214657
964156
477375
485017
458663
654861
956873
352982
608332
712712
555822
375730
473156
729509
768696
392993
287899
552929
651445
166710
973661
574387
922004
686498
130901
458486
82301
467260
974255
683582
842464
839873
526889
160510
263487
61661
39505
607652
365098
310555
168726
687235
292700
338387
687286
741032
431241
648676
491671
401901
392671
741049
991635
419356
561832
110279
444167
955866
412792
922179
623281
632394
190047
921531
869594
320427
201700
858054
137362
555087
711945
370956
652437
912200
19148
378528
252086
998975
887091
157483
517565
421402
650000
121683
725262
483555
592143
563423
681629
426964
626682
123064
501113
548700
310773
966916
56122
749517
199744
949027
708406
608534
874846
904163
88770
592162
798304
282384
22099
414596
952892
739961
355304
855490
899381
154733
295215
542346
422084
847910
543249
505303
128183
782186
827860
744970
851532
915952
744596
323465
570675
895505
932202
713430
839134
99298
501230
62145
434854
128850
62452
505833
572172
163294
211968
688683
884206
186528
389702
615573
917055
829149
450870
976145
234754
973380
316258
749637
221207
350215
438085
536369
47738
40535
741083
584291
681492
964173
569617
460058
195121
194427
817042
119984
392318
471098
463912
691233
271074
994567
46940
956960
139090
567386
74840
882262
280602
613297
371385
745905
325452
301773
215336
704885
853847
141611
592560
465566
671037
373350
239613
340566
526252
148381
230600
460470
410785
749999
874809
583779
678846
663380
409148
882326
52873
889584
849771
234918
787603
942275
791463
153596
626402
270057
633794
864790
821132
606013
153496
25271
708487
890907
120149
880376
43557
95142
115998
66089
929045
445894
939847
67826
766948
242508
885900
24978
614571
205582
383084
923165
361018
455364
365997
935722
321378
280803
620601
936177
151507
641652
49829
97093
901563
310264
821514
534233
689380
552883
544351
930632
961514
331001
124324
82283
137218
958662
123135
569494
198613
913620
854427
520345
586663
545740
351753
684466
137046
109760
573264
290421
607829
773399
31470
649661
490887
732518
449084
319994
164793
846552
275365
760411
625726
781340
767025
339181
903442
797072
556616
412399
40625
71441
498160
309560
334090
852960
991417
536226
647746
681362
126608
791946
134610
770904
197260
11862
800713
879579
236577
76770
74750
470334
993098
602724
643470
144680
786561
803771
797369
150552
797341
537935
335453
909570
168964
770904
188355
115416
589207
170626
673359
577617
949991
358299
114713
90562
579110
346466
334670
177048
655357
548034
371203
691900
837328
400113
818741
199488
272273
60809
996370
54490
98054
238898
899442
713489
970419
547218
858137
390910
49144
319325
73955
437448
424650
812141
495971
115415
478720
709994
43501
633770
749747
724935
888136
904285
270432
487075
435689
236685
533543
174004
949223
409475
285679
407241
304613
43031
986945
201061
15054
395116
79764
386069
436446
716873
615952
867799
963621
183964
720275
297949
